NODO 1
2    1    1.0  
5    2    2.0  
6    3    3.0  
4    4    4.0  
3    2    6.0  
NODO 2
5    1    1.0  
6    2    2.0  
4    3    3.0  
3    1    5.0  
1    4    7.0  
NODO 3
4    1    5.0  
1    2    9.0  
2    3    10.0 
5    4    11.0 
6    5    12.0 
NODO 4
1    1    4.0  
2    2    5.0  
5    3    6.0  
6    4    7.0  
3    3    10.0 
NODO 5
6    1    1.0  
4    2    2.0  
1    3    6.0  
2    4    7.0  
3    5    12.0 
NODO 6
4    1    1.0  
1    2    5.0  
2    3    6.0  
5    4    7.0  
3    4    11.0 
